-8673452            
-234523             
-54245              
-45323              
-7365               
-2345               
-846                
-647                
-234                
-56                 
-45                 
-37                 
-34                 
-34                 
0                   
5                   
9                   
9                   
43                  
76                  
459                 
998                 
2346                
2578                
9534                
45678               
123456              
564345              
987654              
6778645             
