-45                 
2578                
123456              
987654              
-234                
6778645             
-234523             
2346                
-56                 
0                   
998                 
-54245              
76                  
-8673452            
5                   
-846                
9                   
-34                 
9534                
-647                
9                   
-45323              
459                 
-2345               
564345              
-7365               
45678               
-34                 
43                  
-37                 
